1	180
10	2704
100	137157
101	95
102	174
105	1
106	291
107	173545
108	337
11	181
111	11
112	754
113	122729
114	121819
115	1
116	4960
117	630
118	4
119	428
12	2626
120	32
121	498
122	211
123	431
124	311
125	41160
126	245
127	539
128	45
129	1733
13	45871
130	1796
131	398
132	404576
133	295
134	807
135	303
136	288
137	91833
138	274816
139	410
14	997
140	178271
141	208320
142	289783
143	93383
144	78250
145	3498
146	3392
147	241
148	85056
149	330
15	94
150	177
151	66305
152	4501
153	94
154	141
155	594
156	1
157	792
158	71896
159	677
16	132
160	225
161	418357
162	313480
163	254839
164	192031
165	732
166	37472
167	578
168	932
169	469
17	1159
170	246205
171	162
172	4
173	148
174	357
175	155
176	1
177	978
178	127
179	1099
18	376
180	194
181	2231
182	597
183	118
184	14
185	266
186	300356
187	3
188	1760
189	662
19	223
190	101
191	692
192	128
193	1150
194	283
195	833
196	538
197	1091
198	339
199	4
2	11
20	285
200	207
201	170
202	275
203	441
205	887
206	5
207	109
208	289
209	13019
21	328
210	630
211	62837
212	258
213	739
214	5
215	1634
216	1689
217	295
218	871
219	1178
22	454
220	316
221	5
222	832
223	1404
224	8835
225	1282
226	5381
227	267
228	478
229	159531
23	9
230	301698
231	108387
232	8560
233	100593
234	231065
235	621
236	382585
237	410574
238	170630
239	251643
24	20745
240	31
241	412
242	494
243	978
244	4408
245	7
246	142230
247	694
248	282
249	199163
25	2590
250	252
251	4
252	139
253	24
254	562
255	1562
256	1403
257	166
258	399
259	275
26	558
260	1572
261	39246
262	113197
263	166397
264	27371
265	1483
27	7
28	915
29	523
3	238
30	5
31	26
32	302
33	2763
34	93
35	1568
36	332
37	869
38	374
39	1675
4	9074
40	766
41	17378
42	6982
43	138393
44	1
45	10597
46	27
47	423
48	222121
49	1060
50	45286
51	1004
52	1321
53	99
54	97
55	870
56	635
57	17
58	12
59	7
6	52
60	272
61	2513
62	893
63	402
64	101
65	3896
66	1547
67	222
68	227390
69	861
7	3217
70	36274
71	1100
72	1299
73	87
74	15763
75	48886
76	2477
77	562
78	514
79	195521
8	20
80	993
81	307
82	1174
83	372
85	597
86	728
87	35955
88	20370
89	1564
9	128
90	138388
91	1213
92	491
93	1345
94	219
95	1205
96	19
97	2912
98	165
99	1
